3021    4602997.56    9468924.33    124.00              
3022    4604167.09    9468866.08    95.23        
3023    4606940.50    9468722.04    85.70        
3102    4602744.66    9468507.40    126.60        
3111    4603170.40    9467912.40    124.20        
3112    4604549.81    9467656.30    109.12        
3113    4606483.26    9467792.24    99.50        
3121    4603075.37    9469014.62    122.70        
3122    4604373.63    9469080.20    108.80        
3123    4605813.47    9469040.83    100.00        
3201    4602416.98    9467305.19    154.90        
3202    4602293.82    9468062.13    152.30        
3211    4603895.62    9467041.37    139.90        
3212    4605379.25    9466878.24    125.53        
3221    4603150.49    9469359.27    137.16        
3222    4604307.38    9469502.78    128.74        
3223    4605549.22    9469467.70    123.20        
3303    4602459.65    9466701.47    151.40        
3311    4603879.67    9466191.39    157.73        
3312    4605393.21    9465978.77    148.00        
3321    4602987.34    9469701.40    155.78        
3322    4603888.91    9469645.25    146.00        
3323    4605178.82    9470082.93    141.36        
3507    4604061.56    9470552.31    192.70        
3520    4603460.20    9470343.61    183.48        
3521    4604032.78    9469936.32    167.93        
3522    4604475.41    9470875.11    165.42        
3532    4604355.53    9471838.68    175.85        
3533    4605324.39    9471861.28    176.35        
3534    4606226.46    9471534.74    161.71        
3542    4605091.70    9472161.32    194.90              
30230    4605363.63    9468799.93    86.40        
31230    4607204.17    9468938.65    105.82        
32230    4606878.30    9469366.31    124.40        
33230    4606399.44    9470178.11    140.90        
35070    4604413.14    9472089.94    186.99        
35220    4605022.33    9471666.57    161.34        
35340    4606937.30    9471191.49    159.80        
3505-T1    4602107.51    9468060.70    153.66        
