3021    42.154    26.049    124.000
3022    42.165    26.048    95.230
3023    42.190    26.046    85.700
3102    42.152    26.044    126.600
3111    42.156    26.037    124.200
3112    42.168    26.033    109.120
3113    42.186    26.035    99.500
3121    42.155    26.050    122.700
3122    42.167    26.051    108.800
3123    42.180    26.050    100.000
3201    42.149    26.029    154.900
3202    42.148    26.038    152.300
3211    42.162    26.026    139.900
3212    42.176    26.024    125.530
3221    42.156    26.054    137.160
3222    42.166    26.056    128.740
3223    42.177    26.055    123.200
3303    42.149    26.022    151.400
3311    42.162    26.016    157.730
3312    42.176    26.013    148.000
3321    42.154    26.058    155.780
3322    42.162    26.057    146.000
3323    42.174    26.063    141.360
3507    42.164    26.068    192.700
3520    42.159    26.066    183.480
3521    42.164    26.061    167.930
3522    42.168    26.072    165.420
3532    42.167    26.084    175.850
3533    42.175    26.084    176.350
3534    42.184    26.080    161.710
3542    42.173    26.088    194.900
30230    42.176    26.047    86.400
31230    42.192    26.049    105.820
32230    42.189    26.054    124.400
33230    42.185    26.064    140.900
35070    42.167    26.087    186.990
35220    42.173    26.082    161.340
35340    42.190    26.076    159.800
3505-T1    42.146    26.038    153.660
